Edge	2	8	7	1	0	0	379	-1
	Sequence	+edge_2_0_+disjointig_1_13833_14886 1053 1 207461 13833 14886
	Sequence	+edge_2_1_+disjointig_1_20334_21419 1085 1 207461 20334 21419
	Sequence	+edge_2_2_+disjointig_1_26758_27789 1031 1 207461 26758 27789
	Sequence	+edge_2_3_-disjointig_1_19233_20074 841 -1 207461 19233 20074
Edge	3	9	4	1	0	0	379	-1
	Sequence	-edge_2_0_+disjointig_1_13833_14886 1053 -1 207461 192574 193627
	Sequence	-edge_2_1_+disjointig_1_20334_21419 1085 -1 207461 186041 187126
	Sequence	-edge_2_2_+disjointig_1_26758_27789 1031 -1 207461 179671 180702
	Sequence	-edge_2_3_-disjointig_1_19233_20074 841 1 207461 187386 188227
Edge	4	4	10	1	0	0	315	-1
	Sequence	+edge_3_0_-disjointig_1_187126_189927 2801 -1 207461 187126 189927
	Sequence	+edge_3_1_-disjointig_1_180702_183484 2782 -1 207461 180702 183484
	Sequence	+edge_3_2_+disjointig_1_188227_191046 2819 1 207461 188227 191046
Edge	5	6	8	1	0	0	315	-1
	Sequence	-edge_3_0_-disjointig_1_187126_189927 2801 1 207461 17533 20334
	Sequence	-edge_3_1_-disjointig_1_180702_183484 2782 1 207461 23976 26758
	Sequence	-edge_3_2_+disjointig_1_188227_191046 2819 -1 207461 16414 19233
Edge	6	7	6	1	0	0	261	-1
	Sequence	+edge_4_0_+disjointig_1_14886_17533 2647 1 207461 14886 17533
	Sequence	+edge_4_1_+disjointig_1_21419_23976 2557 1 207461 21419 23976
Edge	7	10	9	1	0	0	261	-1
	Sequence	-edge_4_0_+disjointig_1_14886_17533 2647 -1 207461 189927 192574
	Sequence	-edge_4_1_+disjointig_1_21419_23976 2557 -1 207461 183484 186041
Edge	8	7	3	1	0	0	153	-1
	Sequence	+edge_5_0_+disjointig_1_27789_31271 3482 1 207461 27789 31271
	Sequence	+edge_5_1_-disjointig_1_20074_23554 3480 -1 207461 20074 23554
Edge	9	11	9	1	0	0	153	-1
	Sequence	-edge_5_0_+disjointig_1_27789_31271 3482 -1 207461 176189 179671
	Sequence	-edge_5_1_-disjointig_1_20074_23554 3480 1 207461 183906 187386
Edge	12	3	11	0	0	0	107	-1
	Sequence	+edge_7_0_+disjointig_1_31271_183906 152635 1 207461 31271 183906
Edge	13	3	11	0	0	0	107	-1
	Sequence	-edge_7_0_+disjointig_1_31271_183906 152635 -1 207461 23554 176189
